15 69 36 66 54 66 -12 -63 -55 -47 56 54 85 74 -42 -72 36 -89 -78 28
83 -5 -99 25 86 -57 87 -52 20 48 89 58 -22 75 -27 -100 45 -41 -9 -64
1 0 -39 -60 82 -20 79 19 43 97 12 33 17 57 -93 16 14 58 69 96
90 -98 -30 24 -26 10 -24 -17 44 -51 -14 46 14 -49 -65 -95 -82 -59 -69 8
22 40 -3 -78 -12 45 62 71 -20 55 -30 -89 -49 -22 -47 -20 43 -30 -39 46
-60 -11 -90 16 -80 -53 74 80 -45 -28 -12 -68 -62 60 -5 86 -14 92 1 69
28 79 -28 -60 -72 26 -93 53 71 -48 0 -4 -45 16 52 7 -26 -41 8 -16
-72 -27 -81 50 62 51 -17 99 35 -93 47 -69 -41 15 -23 82 16 -3 -51 80
-10 4 -11 -5 -47 43 74 -35 -66 21 -24 -73 2 2 28 38 82 -14 -31 -80
45 -93 -99 -78 -88 -22 95 -35 -53 92 -74 51 5 -36 -30 27 -69 -55 2 -42
-29 91 -6 93 79 41 -17 32 -75 -9 14 16 -77 97 50 -30 41 97 -95 -76
-88 39 46 -63 78 -65 -80 -5 16 -5 -77 24 -53 -41 6 -57 -14 37 -96 -30
-46 59 -54 -73 -13 93 8 -20 -88 -97 -23 -6 -68 -68 84 48 -93 40 74 51
-16 -59 31 84 -51 60 35 -64 -46 -57 -77 -46 -21 -60 -35 21 -83 88 8 -46
-74 -35 84 53 11 -55 -29 -80 38 19 51 -46 -49 70 56 -88 35 10 -66 -12
-89 -30 5 -65 89 -38 24 36 97 -58 -87 51 -61 -70 18 -63 29 63 80 54
-64 -31 60 77 92 49 -21 -67 -89 66 -28 18 25 -33 14 -9 -87 -68 -72 -84
-30 65 -53 85 61 88 -99 -5 69 65 71 76 -81 57 24 -35 3 -22 -86 -78
-92 -92 75 -47 -58 88 -45 76 28 -6 -100 20 55 -37 67 -46 -91 -75 50 -92
-10 34 -4 72 37 4 -22 32 -93 -23 20 69 -53 49 -80 -10 -89 1 59 -33
91 -30 39 99 82 -56 55 -49 100 42 71 25 58 72 81 44 2 67 -75 -96
-73 -92 70 37 -2 -77 -99 72 -53 -54 -8 12 -33 -68 -8 -72 24 65 -54 8
-10 -64 35 9 -36 88 10 -29 -35 -70 32 25 0 25 -1 -67 86 -39 12 -57
-93 -78 77 -49 -66 -2 91 -73 20 21 -26 58 -37 57 -23 3 -87 -94 -18 49
-53 65 -26 97 27 8 -32 41 -34 1 -11 42 -86 66 -70 -76 -78 16 -96 -92
73 -99 71 -41 -11 9 -5 -10 97 -44 90 -19 88 -54 31 85 -13 45 -30 27
71 34 -94 -78 -76 -62 56 -75 7 23 -31 45 -79 84 -66 -23 61 64 63 -62
99 -1 34 -98 84 -13 -25 -89 -22 95 -18 -1 -81 48 -88 -53 43 63 -14 -61
-33 -38 95 92 11 -92 -69 92 -44 -64 -54 -42 -63 -54 -59 49 77 78 -83 -14
88 -18 19 -80 2 -35 -87 -29 -19 60 -51 -56 51 56 -97 -43 -63 68 98 -44
34 -28 83 -46 -24 -13 -57 35 27 -71 50 36 -52 49 57 -71 66 -6 81 -78
82 -54 -3 -75 -82 13 -31 -99 19 34 -50 -62 -90 -54 85 32 8 -95 100 -96
-98 41 54 -96 78 31 -69 -40 40 30 -40 43 35 35 -30 -58 -96 89 69 -38
-73 69 -11 82 31 -24 22 -25 -61 -50 75 70 -85 57 73 -13 -97 68 72 -95
-89 -22 -74 51 -81 7 99 7 40 37 -56 88 22 -72 26 54 68 -60 -72 -60
