-548 -153 -159 -170 -261 251 305 244 -317 -163 -317 -168 7 -135 407 50 -290 65 287 -69 72
305 246 525 -33 680 -40 372 430 47 47 -58 314 7 -60 -184 -744 -99 -30 258 -163 195
-199 255 -79 112 86 -81 211 381 132 837 -247 374 38 24 6 -73 -407 -200 355 -78 -237
-103 323 -114 197 562 204 -117 -618 642 -182 28 28 -156 328 -343 59 161 -1 -119 -139 501
356 -11 -27 -122 -91 -249 -126 187 20 -176 -368 -6 -265 349 54 -211 205 95 -384 352 -557
39 294 -247 436 158 42 -69 121 237 183 120 68 -274 255 -38 438 -258 168 -255 689 -116
-375 -334 -222 249 -227 390 345 -113 359 373 722 -81 691 1 104 -80 64 674 77 278 -391
-385 28 40 195 180 244 130 245 392 -44 -467 -526 169 234 -39 -13 -416 -629 314 -75 95
311 144 362 341 -454 718 -75 -159 321 241 -43 -102 -147 -277 68 396 214 -120 282 -264 -47
214 -271 151 -324 -190 -147 -122 -81 -141 -515 346 290 608 -108 324 224 -387 617 628 -313 -53
-332 359 -294 -49 -89 -136 -329 -131 -317 -387 96 -47 10 -302 -280 -407 -135 -177 -504 -45 -484
-533 -134 -163 -158 -277 242 325 207 -311 -179 -313 -163 1 -127 411 54 -279 65 290 -68 72
311 254 524 -9 670 -37 362 433 52 53 -58 330 14 -61 -182 -723 -93 -35 266 -170 200
-187 264 -117 86 80 -81 233 396 123 828 -242 382 37 43 -3 -72 -395 -188 363 -61 -235
-80 307 -120 203 561 191 -113 -627 658 -186 26 37 -177 330 -340 55 162 -1 -131 -139 503
352 -5 -9 -120 -79 -277 -125 171 24 -184 -365 6 -271 361 50 -202 210 99 -386 360 -570
48 289 -252 439 144 48 -71 106 257 176 124 79 -294 240 -23 431 -264 179 -260 689 -128
-382 -340 -208 243 -222 378 345 -99 369 379 700 -87 689 12 90 -74 68 668 67 280 -408
-390 1 33 162 187 234 128 242 419 -41 -460 -520 186 244 -40 -8 -443 -641 313 -92 104
315 154 376 342 -432 726 -96 -145 316 226 -36 -107 -147 -289 71 399 207 -108 282 -273 -48
217 -261 167 -302 -174 -141 -135 -94 -136 -503 344 299 613 -101 314 223 -382 593 609 -299 -49
-335 359 -299 -52 -85 -133 -337 -134 -306 -395 95 -63 20 -293 -282 -396 -116 -192 -524 -38 -482
-533 -133 -162 -158 -277 244 326 209 -309 -177 -311 -164 1 -127 411 55 -277 64 290 -67 73
312 256 525 -7 669 -35 361 435 52 53 -59 330 15 -59 -183 -724 -92 -33 264 -171 199
-185 264 -116 87 78 -83 235 394 121 826 -242 384 38 43 -4 -70 -395 -188 362 -60 -234
-82 308 -120 201 563 193 -115 -629 656 -187 24 37 -178 330 -340 57 164 1 -133 -141 503
352 -4 -10 -121 -80 -275 -127 170 22 -184 -363 5 -269 362 50 -203 211 101 -384 360 -568
50 288 -252 440 143 48 -69 106 258 177 125 80 -292 238 -21 429 -262 180 -260 687 -129
-383 -341 -208 245 -224 379 347 -99 367 380 700 -89 687 11 88 -75 70 668 67 282 -407
-389 2 31 164 185 232 127 240 417 -42 -460 -519 186 246 -41 -6 -441 -643 313 -90 102
313 156 376 340 -431 728 -96 -145 316 227 -35 -108 -145 -289 72 399 206 -109 284 -275 -46
216 -259 169 -301 -172 -139 -133 -95 -135 -501 345 300 612 -101 314 221 -380 591 608 -299 -47
-337 359 -301 -51 -84 -131 -339 -136 -308 -394 94 -64 21 -293 -282 -396 -117 -191 -522 -40 -481
-533 -133 -157 -164 -278 240 329 208 -306 -182 -311 -163 -3 -125 411 55 -278 68 292 -68 74
307 259 520 -12 671 -33 359 437 54 50 -59 330 10 -58 -183 -721 -87 -30 260 -175 201
-184 266 -116 88 81 -78 232 399 124 826 -238 381 39 49 -4 -77 -395 -188 355 -60 -239
-76 307 -121 203 555 192 -116 -631 663 -179 26 40 -176 332 -341 61 162 2 -123 -141 505
351 -9 -10 -121 -75 -280 -128 169 20 -186 -361 6 -272 363 52 -202 210 102 -380 362 -573
47 290 -254 441 142 47 -71 106 259 175 124 78 -294 245 -19 431 -266 176 -263 688 -128
-377 -342 -208 246 -227 383 347 -102 367 384 705 -88 685 12 90 -76 62 671 69 279 -406
-390 1 36 165 183 232 133 241 414 -44 -457 -521 190 246 -39 -11 -442 -642 315 -91 103
308 152 377 339 -431 722 -94 -142 311 226 -40 -111 -145 -287 71 394 207 -113 284 -273 -46
210 -263 163 -296 -175 -137 -134 -94 -134 -505 345 295 613 -106 316 223 -379 593 611 -298 -47
-334 365 -295 -48 -81 -134 -340 -133 -314 -397 92 -60 12 -292 -285 -401 -115 -188 -524 -39 -480
-532 -134 -159 -163 -280 240 328 206 -306 -183 -312 -165 -2 -123 409 57 -277 66 294 -69 73
305 260 518 -11 670 -34 361 437 56 49 -60 328 10 -59 -183 -722 -86 -31 259 -176 202
-183 266 -114 88 81 -79 232 397 125 828 -239 382 39 51 -5 -78 -395 -189 353 -58 -239
-75 308 -119 201 555 192 -116 -632 664 -178 26 40 -178 333 -340 62 160 0 -121 -142 504
350 -9 -11 -123 -74 -279 -129 167 18 -186 -362 7 -273 361 51 -203 209 101 -378 362 -571
49 290 -255 442 143 46 -71 107 261 173 124 76 -295 246 -18 433 -267 174 -262 689 -126
-378 -343 -207 246 -225 383 349 -103 366 383 703 -86 684 13 88 -77 62 673 68 278 -408
-390 0 37 164 182 232 134 241 413 -45 -457 -521 192 247 -40 -9 -444 -640 317 -93 101
306 150 377 340 -429 722 -92 -141 311 228 -42 -111 -146 -286 72 392 207 -113 285 -274 -46
212 -264 161 -296 -175 -139 -132 -95 -136 -507 345 294 612 -105 314 223 -381 593 611 -297 -46
-335 367 -296 -50 -81 -133 -338 -134 -312 -395 94 -59 11 -293 -283 -402 -115 -186 -526 -37 -482
-533 -130 -168 -161 -272 243 333 212 -306 -175 -320 -167 5 -132 413 54 -275 66 290 -56 80
315 254 516 -8 673 -42 361 423 55 48 -67 329 12 -65 -184 -722 -81 -31 269 -165 200
-183 256 -110 93 88 -82 230 400 132 824 -241 379 41 46 2 -74 -395 -186 358 -64 -242
-81 306 -115 194 572 199 -111 -622 650 -182 18 40 -178 336 -348 57 156 -1 -132 -142 501
356 -8 -3 -126 -76 -270 -133 181 14 -190 -359 8 -279 351 50 -211 214 97 -386 355 -569
44 286 -244 440 134 52 -68 98 256 175 120 83 -292 247 -22 426 -266 177 -261 686 -123
-373 -336 -221 240 -212 383 346 -101 366 386 713 -76 690 18 88 -73 77 670 82 278 -410
-389 10 33 168 189 234 129 234 409 -39 -472 -521 184 251 -38 -16 -437 -649 322 -90 107
305 147 372 353 -426 734 -89 -152 312 224 -44 -117 -150 -293 74 399 199 -104 283 -275 -45
221 -263 157 -300 -166 -136 -129 -85 -135 -500 343 303 615 -107 310 225 -389 587 612 -304 -54
-328 353 -301 -49 -84 -126 -330 -132 -311 -407 91 -64 14 -293 -288 -398 -127 -186 -517 -39 -470
-533 -128 -170 -162 -272 244 335 211 -306 -174 -322 -166 4 -133 413 56 -273 65 290 -54 79
315 256 516 -10 671 -42 359 425 54 48 -66 331 10 -64 -186 -722 -82 -30 269 -166 198
-183 257 -110 94 88 -82 232 399 131 823 -241 378 43 44 2 -73 -393 -184 358 -66 -242
-82 306 -114 196 570 199 -111 -620 652 -181 20 41 -179 335 -347 57 158 -2 -132 -140 499
355 -10 -5 -125 -78 -271 -131 183 14 -190 -357 8 -280 352 48 -209 216 98 -384 354 -569
46 285 -244 442 133 52 -66 99 254 173 121 82 -291 246 -24 428 -268 175 -263 687 -121
-372 -335 -223 240 -212 384 345 -101 368 386 714 -76 691 20 87 -73 75 668 80 277 -408
-387 11 33 168 190 236 131 236 409 -40 -474 -519 186 249 -40 -14 -435 -651 323 -91 108
305 146 373 352 -425 733 -88 -154 313 223 -42 -115 -148 -295 72 401 198 -103 285 -275 -43
222 -264 159 -302 -166 -137 -131 -83 -133 -499 341 305 616 -107 310 224 -387 589 614 -302 -56
-330 355 -302 -49 -85 -127 -331 -131 -313 -405 91 -64 16 -294 -287 -398 -127 -185 -519 -41 -469
-538 -144 -161 -174 -266 247 316 241 -313 -160 -321 -176 15 -140 410 50 -274 54 287 -63 70
303 249 522 -34 669 -38 369 431 54 41 -55 308 9 -60 -185 -745 -104 -31 262 -155 205
-200 250 -90 108 92 -84 215 383 138 831 -239 374 41 25 -3 -83 -397 -187 356 -80 -232
-96 314 -123 203 562 196 -122 -611 642 -180 32 31 -153 337 -352 51 156 -5 -125 -133 505
363 -7 -35 -119 -87 -248 -129 185 20 -177 -371 -2 -273 357 39 -217 209 94 -387 353 -562
38 299 -249 437 156 42 -65 120 239 185 110 71 -288 256 -36 436 -258 171 -260 682 -117
-377 -332 -227 241 -228 379 348 -107 364 369 718 -87 691 10 108 -78 64 680 68 271 -379
-382 25 40 201 181 238 134 245 398 -39 -464 -533 176 238 -30 -9 -418 -626 321 -80 95
311 150 360 342 -458 707 -84 -159 316 241 -36 -101 -142 -279 63 407 218 -119 274 -260 -49
216 -282 162 -322 -183 -148 -120 -83 -146 -510 341 287 606 -97 326 219 -389 618 620 -315 -49
-328 368 -290 -45 -86 -139 -327 -134 -323 -383 97 -51 11 -297 -282 -408 -133 -187 -508 -45 -489
-537 -146 -159 -174 -268 245 315 241 -314 -158 -321 -175 17 -142 411 52 -273 53 285 -61 72
301 251 520 -35 667 -39 368 430 52 42 -57 307 9 -59 -187 -747 -104 -30 264 -156 203
-199 248 -92 107 94 -86 217 384 137 829 -241 372 43 27 -5 -81 -398 -188 356 -79 -231
-97 312 -123 205 561 198 -124 -610 643 -179 32 29 -153 339 -351 53 157 -6 -124 -135 505
363 -5 -34 -119 -89 -248 -130 185 22 -176 -372 0 -272 357 40 -215 210 93 -387 352 -562
36 300 -247 439 156 44 -63 118 241 183 112 70 -290 255 -35 438 -256 173 -262 683 -115
-378 -330 -226 239 -227 378 350 -106 364 371 716 -89 690 9 109 -80 66 679 70 271 -379
-382 23 42 201 183 239 136 246 399 -40 -466 -531 178 236 -29 -10 -418 -626 320 -78 95
313 148 360 340 -460 705 -85 -161 316 242 -37 -101 -141 -279 65 409 220 -120 272 -260 -49
216 -280 160 -324 -182 -150 -119 -81 -147 -509 340 289 606 -99 328 220 -388 619 618 -316 -51
-329 366 -291 -47 -85 -139 -327 -132 -324 -383 99 -49 9 -298 -282 -406 -134 -186 -510 -47 -489
-550 -151 -158 -171 -263 251 307 243 -317 -163 -316 -168 6 -136 407 52 -288 64 285 -69 72
303 245 525 -35 681 -39 372 428 49 45 -60 312 7 -58 -182 -744 -100 -32 257 -163 195
-197 253 -81 114 86 -83 212 379 133 839 -245 375 37 24 7 -71 -405 -198 356 -78 -239
-102 323 -115 198 562 203 -115 -617 643 -184 26 30 -156 329 -345 58 159 -3 -117 -139 503
356 -9 -28 -123 -89 -251 -127 185 20 -178 -369 -7 -264 348 53 -211 205 97 -386 353 -556
39 295 -247 436 156 43 -67 121 238 181 119 69 -276 253 -38 440 -259 167 -257 687 -114
-375 -336 -220 247 -229 391 344 -112 360 373 721 -83 692 2 102 -79 64 672 75 276 -389
-384 26 41 194 179 242 130 246 392 -42 -465 -526 171 235 -38 -12 -417 -627 315 -77 95
311 145 364 339 -452 716 -75 -161 320 239 -42 -102 -148 -276 70 397 212 -118 280 -264 -48
216 -273 153 -325 -189 -146 -121 -82 -139 -515 344 289 610 -106 324 224 -387 615 628 -313 -51
-332 361 -295 -51 -91 -136 -328 -129 -316 -387 96 -47 11 -302 -282 -406 -134 -179 -506 -44 -484
-552 -153 -158 -171 -262 251 309 243 -316 -162 -317 -169 8 -134 405 54 -287 66 284 -69 74
304 245 526 -37 679 -41 374 429 47 44 -60 313 9 -60 -182 -745 -98 -32 255 -163 195
-197 252 -83 116 88 -83 210 377 132 837 -243 376 38 22 6 -73 -403 -198 354 -76 -238
-102 322 -117 197 564 202 -116 -615 645 -184 28 31 -158 331 -346 56 160 -2 -118 -139 505
358 -11 -30 -123 -88 -250 -126 185 18 -180 -371 -6 -262 350 52 -212 204 99 -387 352 -554
40 293 -247 438 156 45 -65 121 240 183 121 69 -276 252 -36 439 -259 166 -257 687 -115
-373 -336 -220 249 -228 390 345 -113 360 372 721 -83 690 0 101 -79 65 672 76 277 -390
-386 25 41 196 179 243 130 248 391 -41 -464 -527 171 236 -39 -11 -418 -627 316 -79 95
311 147 362 340 -452 714 -75 -162 318 240 -41 -100 -147 -277 72 399 214 -119 280 -263 -48
217 -274 153 -326 -188 -148 -121 -83 -141 -515 346 289 611 -104 326 224 -389 614 626 -315 -50
-334 361 -294 -52 -90 -135 -327 -128 -317 -388 94 -45 12 -304 -283 -408 -134 -177 -505 -43 -484
