1652 -1285 32 -1381 -762 20 220 152 111 669 -268 -669 -445 97 2015 -488 2148 -72 820 816 2069 948 -474 -171 336
774 3607 -173 -32 -365 -2134 640 -1989 -819 -226 739 2034 1009 -1138 -1030 -111 -122 -458 340 -1207 1791 -421 -1715 -851 866
327 -866 3794 -947 -1221 -22 174 -1219 184 -610 1007 -147 -629 -469 -420 -648 373 -161 -1034 -1985 -858 -1948 456 -695 988
764 876 -810 3963 -1243 212 27 101 277 -1610 -83 320 1212 540 -742 1173 514 -347 -707 65 -1164 1590 -356 1272 577
962 1245 -436 1706 2351 505 500 -373 188 -44 -1538 1186 1280 -3074 -119 -1291 57 -415 -1465 -2077 385 1092 -259 -727 -1117
5 206 -1564 1276 -207 -608 -2829 1535 2003 -1120 -469 -594 244 835 2930 85 1160 -426 -94 -1362 353 -396 2695 1435 275
752 1108 -2156 565 1023 -2488 1100 1700 1211 2502 883 1993 83 -1048 936 -347 -1018 -733 278 -1067 -1682 -564 -514 1960 -907
-899 -190 -319 2350 606 1382 552 -567 1020 1619 -67 983 -420 -693 174 -556 -1958 -1209 1177 1064 -3195 -1853 -299 -3014 -10
-1177 -95 204 -699 -483 817 -172 0 -690 3603 -287 -1103 -164 3331 -527 -1820 -456 1069 -199 1750 1103 1059 -2733 223 400
256 -1629 1758 177 -494 398 2370 -378 -1913 1500 2273 978 1116 -1294 -1090 1180 547 315 -1513 171 -1328 -435 -3231 619 923
886 -1497 -1435 -1141 176 -2029 1011 -426 660 -1499 -445 -2394 -680 148 -1495 293 -986 -2180 -827 -2458 -1282 2508 1989 544 -171
1664 -1283 32 -1378 -763 22 214 144 97 674 -278 -676 -451 102 2016 -495 2142 -83 796 793 2072 963 -478 -152 348
772 3612 -178 -44 -365 -2139 623 -1996 -824 -228 751 2045 1016 -1144 -1024 -113 -133 -465 349 -1209 1783 -406 -1709 -852 865
322 -860 3805 -962 -1204 -13 169 -1220 203 -612 990 -160 -614 -460 -426 -635 375 -172 -1056 -1975 -845 -1955 433 -708 987
771 879 -818 3949 -1250 201 26 93 277 -1616 -95 327 1211 556 -731 1176 499 -341 -714 75 -1155 1581 -350 1259 569
982 1275 -418 1701 2348 508 510 -371 185 -48 -1529 1192 1285 -3073 -117 -1278 52 -424 -1462 -2072 394 1094 -263 -738 -1133
-15 198 -1569 1293 -199 -596 -2830 1527 2014 -1114 -473 -594 259 833 2931 91 1159 -425 -105 -1347 347 -393 2691 1448 275
753 1101 -2145 566 1021 -2492 1089 1697 1189 2489 895 1980 82 -1048 941 -346 -1016 -723 289 -1075 -1673 -571 -519 1965 -908
-898 -190 -293 2357 611 1397 566 -556 1022 1607 -79 981 -424 -692 172 -552 -1949 -1224 1177 1071 -3195 -1851 -307 -2991 -26
-1181 -94 187 -691 -483 830 -168 7 -700 3595 -286 -1103 -158 3334 -515 -1812 -441 1075 -200 1747 1095 1050 -2725 228 394
263 -1636 1762 182 -472 395 2369 -364 -1927 1500 2278 978 1123 -1298 -1082 1185 560 304 -1510 175 -1323 -429 -3253 619 921
881 -1506 -1440 -1133 167 -2037 1020 -438 667 -1492 -447 -2398 -678 158 -1508 277 -986 -2179 -821 -2452 -1295 2499 1988 543 -176
1662 -1283 30 -1377 -763 23 214 142 96 675 -276 -675 -452 102 2014 -493 2143 -81 797 795 2073 961 -480 -151 347
772 3610 -178 -43 -363 -2138 624 -1998 -825 -228 751 2046 1016 -1145 -1025 -112 -132 -467 350 -1210 1784 -407 -1709 -850 867
321 -859 3803 -962 -1202 -15 170 -1219 205 -614 992 -159 -612 -458 -424 -637 375 -172 -1054 -1976 -844 -1955 433 -710 985
771 877 -816 3948 -1250 202 25 91 279 -1618 -93 326 1213 554 -733 1178 501 -340 -713 73 -1154 1581 -350 1257 571
981 1276 -417 1701 2350 509 510 -373 183 -49 -1530 1191 1283 -3073 -119 -1276 53 -426 -1463 -2070 395 1095 -263 -736 -1132
-17 200 -1569 1292 -199 -594 -2829 1526 2016 -1112 -473 -596 260 831 2929 89 1161 -423 -104 -1346 346 -395 2690 1446 274
754 1100 -2146 568 1019 -2494 1088 1696 1191 2488 896 1981 80 -1046 939 -347 -1015 -722 287 -1074 -1675 -573 -521 1964 -907
-898 -191 -293 2356 612 1395 568 -557 1021 1607 -77 979 -423 -690 172 -554 -1949 -1223 1176 1071 -3194 -1849 -307 -2991 -25
-1181 -96 186 -690 -482 830 -169 5 -700 3594 -287 -1105 -158 3334 -514 -1814 -440 1075 -202 1749 1095 1051 -2723 230 393
261 -1637 1763 181 -474 395 2371 -362 -1925 1500 2279 976 1121 -1300 -1080 1184 562 306 -1511 174 -1321 -427 -3254 620 923
880 -1505 -1442 -1135 168 -2037 1022 -436 666 -1492 -449 -2397 -680 157 -1508 277 -984 -2178 -821 -2454 -1295 2497 1989 541 -178
1664 -1283 31 -1377 -765 23 211 141 98 672 -280 -675 -447 101 2019 -489 2141 -82 795 791 2073 961 -479 -149 347
771 3612 -178 -44 -365 -2140 624 -1996 -823 -226 756 2043 1011 -1145 -1026 -109 -138 -464 348 -1207 1783 -411 -1710 -857 863
317 -857 3802 -966 -1205 -15 169 -1217 201 -613 989 -158 -613 -458 -428 -638 378 -170 -1054 -1969 -847 -1955 431 -709 985
770 880 -814 3950 -1250 199 28 95 279 -1616 -91 329 1210 552 -728 1176 496 -342 -711 71 -1158 1580 -352 1258 567
980 1276 -421 1701 2348 506 510 -374 188 -48 -1529 1194 1289 -3075 -115 -1279 50 -426 -1461 -2077 396 1094 -266 -739 -1136
-15 195 -1568 1292 -197 -594 -2831 1525 2015 -1112 -472 -592 256 829 2933 92 1160 -429 -105 -1348 347 -389 2690 1447 274
752 1102 -2150 566 1027 -2487 1087 1697 1190 2491 895 1981 85 -1051 939 -350 -1016 -723 292 -1073 -1673 -567 -522 1962 -911
-899 -192 -299 2357 612 1398 568 -557 1018 1610 -78 979 -423 -688 171 -550 -1947 -1223 1178 1071 -3194 -1852 -306 -2993 -26
-1180 -93 189 -691 -486 833 -170 3 -698 3591 -286 -1100 -161 3335 -514 -1815 -443 1077 -198 1747 1097 1052 -2722 227 394
262 -1632 1762 181 -470 392 2370 -365 -1923 1503 2278 981 1123 -1293 -1083 1183 561 307 -1511 173 -1328 -429 -3254 621 919
881 -1507 -1437 -1133 167 -2035 1021 -436 666 -1489 -448 -2399 -680 157 -1506 271 -985 -2183 -819 -2448 -1292 2500 1990 543 -174
1665 -1285 29 -1379 -765 23 209 140 98 671 -281 -675 -445 101 2019 -491 2142 -81 793 793 2071 960 -479 -147 346
769 3612 -178 -43 -366 -2142 622 -1997 -825 -227 756 2043 1012 -1143 -1026 -109 -136 -462 349 -1208 1785 -413 -1708 -857 861
318 -859 3801 -968 -1204 -14 170 -1215 199 -615 987 -158 -614 -458 -427 -639 377 -171 -1053 -1969 -845 -1953 429 -707 983
771 882 -812 3949 -1248 198 28 95 279 -1617 -89 327 1210 553 -727 1178 495 -343 -710 72 -1159 1578 -354 1259 566
978 1278 -423 1703 2350 504 510 -373 189 -50 -1527 1193 1289 -3076 -117 -1281 49 -427 -1460 -2079 395 1096 -268 -738 -1138
-17 194 -1567 1293 -195 -595 -2829 1523 2014 -1112 -472 -593 258 827 2932 94 1162 -427 -103 -1349 348 -388 2692 1445 274
754 1104 -2151 565 1029 -2488 1089 1696 1188 2492 896 1979 83 -1052 938 -350 -1018 -723 290 -1073 -1671 -567 -520 1962 -911
-901 -194 -297 2358 613 1399 566 -558 1017 1611 -80 977 -423 -686 170 -550 -1947 -1225 1176 1073 -3193 -1851 -307 -2991 -25
-1180 -92 191 -689 -487 835 -170 5 -700 3589 -285 -1101 -163 3334 -512 -1815 -442 1076 -197 1749 1096 1050 -2720 225 395
261 -1632 1761 182 -468 390 2371 -365 -1925 1503 2277 981 1122 -1294 -1084 1185 561 309 -1510 174 -1329 -430 -3253 623 920
883 -1509 -1438 -1131 165 -2033 1019 -436 665 -1487 -449 -2400 -680 158 -1506 271 -984 -2184 -821 -2446 -1292 2498 1989 543 -176
1668 -1287 49 -1368 -753 18 206 165 109 677 -269 -672 -453 91 2022 -489 2132 -84 795 803 2088 946 -494 -166 334
778 3603 -169 -31 -374 -2131 632 -2007 -833 -242 764 2040 1004 -1147 -1023 -101 -121 -468 336 -1218 1798 -410 -1725 -848 881
329 -857 3783 -950 -1222 -19 178 -1233 206 -602 1023 -163 -623 -457 -420 -637 390 -159 -1037 -1974 -862 -1952 444 -707 971
756 873 -823 3945 -1255 210 35 92 277 -1622 -71 327 1207 539 -735 1185 483 -356 -726 62 -1179 1587 -342 1263 564
980 1254 -423 1703 2335 519 512 -369 179 -55 -1538 1196 1281 -3085 -113 -1270 36 -418 -1451 -2081 389 1070 -259 -741 -1135
-4 194 -1561 1297 -215 -596 -2815 1535 1998 -1120 -468 -610 250 832 2918 95 1169 -424 -88 -1373 365 -390 2693 1453 266
758 1098 -2135 559 1022 -2503 1106 1698 1203 2498 876 1985 88 -1033 945 -348 -1005 -704 292 -1080 -1667 -566 -528 1966 -910
-882 -197 -307 2345 606 1377 570 -551 1032 1607 -91 984 -428 -701 158 -564 -1941 -1231 1182 1073 -3193 -1851 -294 -2987 -21
-1193 -88 194 -702 -487 834 -168 10 -697 3599 -293 -1092 -149 3335 -514 -1799 -431 1063 -201 1746 1092 1048 -2725 211 409
261 -1631 1758 169 -482 372 2383 -351 -1926 1492 2268 984 1116 -1291 -1086 1194 555 317 -1511 169 -1307 -432 -3241 624 913
871 -1480 -1447 -1148 170 -2027 1004 -450 657 -1500 -439 -2403 -697 164 -1488 293 -982 -2188 -822 -2437 -1300 2510 2001 524 -187
1669 -1287 50 -1369 -755 16 207 164 110 675 -269 -671 -454 92 2021 -489 2130 -86 795 802 2087 946 -494 -166 336
777 3605 -170 -32 -373 -2132 631 -2005 -832 -242 764 2042 1002 -1147 -1021 -101 -121 -470 337 -1216 1796 -410 -1723 -847 879
327 -857 3783 -950 -1221 -20 176 -1234 208 -603 1024 -161 -622 -457 -419 -636 390 -158 -1035 -1972 -863 -1951 443 -705 973
755 873 -824 3943 -1254 211 35 94 275 -1622 -70 326 1206 541 -734 1184 485 -356 -724 62 -1178 1589 -344 1264 564
978 1254 -425 1704 2333 519 510 -367 178 -55 -1538 1197 1283 -3087 -114 -1270 36 -416 -1453 -2083 388 1068 -260 -739 -1135
-2 195 -1563 1295 -213 -594 -2815 1536 1999 -1121 -466 -612 252 831 2917 94 1167 -425 -87 -1372 367 -392 2694 1451 264
756 1096 -2133 559 1020 -2501 1104 1698 1204 2497 878 1985 90 -1033 943 -348 -1003 -702 294 -1080 -1665 -568 -529 1965 -911
-884 -197 -309 2343 607 1375 568 -550 1032 1606 -93 983 -428 -701 156 -564 -1940 -1232 1183 1072 -3192 -1849 -294 -2986 -21
-1191 -86 192 -702 -486 833 -166 9 -699 3598 -294 -1094 -150 3337 -515 -1800 -430 1064 -202 1746 1092 1050 -2727 210 408
261 -1629 1758 170 -481 370 2385 -350 -1926 1493 2266 986 1117 -1291 -1084 1193 557 316 -1511 169 -1309 -430 -3241 626 913
870 -1482 -1447 -1150 170 -2025 1006 -448 655 -1499 -440 -2403 -698 163 -1486 291 -984 -2190 -824 -2435 -1299 2509 2000 524 -187
1655 -1282 29 -1378 -761 21 223 151 108 671 -264 -667 -442 96 2020 -489 2152 -73 818 814 2072 945 -476 -168 337
773 3610 -171 -36 -364 -2142 643 -1989 -826 -231 741 2031 1006 -1140 -1024 -104 -125 -459 340 -1210 1796 -419 -1711 -853 863
327 -866 3795 -942 -1222 -18 173 -1220 190 -610 1010 -145 -628 -466 -415 -643 379 -156 -1034 -1977 -856 -1953 456 -694 987
764 877 -809 3965 -1244 210 24 102 272 -1612 -78 313 1216 547 -743 1176 506 -343 -709 63 -1163 1582 -362 1271 576
960 1250 -437 1705 2350 509 500 -375 191 -46 -1536 1183 1282 -3074 -114 -1287 55 -420 -1461 -2074 381 1089 -260 -725 -1117
4 206 -1563 1278 -206 -606 -2831 1536 2004 -1126 -470 -599 246 836 2927 86 1158 -422 -87 -1362 350 -397 2691 1437 273
752 1105 -2156 560 1031 -2490 1102 1703 1212 2497 881 1992 84 -1044 937 -350 -1019 -729 285 -1071 -1682 -566 -518 1961 -904
-897 -190 -322 2349 604 1384 555 -566 1013 1616 -70 981 -423 -699 171 -558 -1951 -1209 1170 1063 -3194 -1857 -297 -3011 -10
-1177 -96 205 -701 -483 822 -171 3 -690 3605 -296 -1103 -165 3330 -530 -1822 -456 1060 -199 1743 1101 1052 -2734 224 397
258 -1625 1758 176 -497 399 2370 -378 -1909 1499 2273 981 1112 -1290 -1092 1182 551 312 -1519 172 -1324 -430 -3239 621 920
887 -1494 -1434 -1143 181 -2030 1010 -433 657 -1493 -442 -2397 -677 148 -1500 292 -988 -2175 -826 -2458 -1286 2504 1991 543 -171
1657 -1283 29 -1379 -759 19 223 151 110 669 -264 -669 -442 94 2021 -489 2154 -72 820 816 2071 947 -475 -168 339
775 3612 -172 -36 -366 -2143 642 -1988 -824 -232 739 2033 1006 -1140 -1024 -102 -126 -459 342 -1208 1794 -421 -1710 -851 864
327 -866 3795 -942 -1224 -19 172 -1221 191 -612 1012 -145 -627 -466 -415 -644 379 -156 -1033 -1979 -856 -1951 456 -696 988
765 877 -808 3967 -1242 208 23 102 273 -1610 -76 314 1215 545 -743 1177 508 -342 -710 61 -1164 1582 -363 1271 578
960 1250 -438 1707 2348 511 502 -376 191 -48 -1535 1182 1281 -3074 -116 -1286 55 -419 -1462 -2072 380 1088 -262 -724 -1116
6 204 -1565 1276 -207 -607 -2829 1536 2004 -1125 -469 -597 248 837 2928 85 1158 -424 -89 -1364 348 -399 2692 1435 275
754 1104 -2158 558 1029 -2490 1102 1702 1212 2495 883 1993 82 -1046 937 -349 -1020 -731 287 -1070 -1682 -565 -518 1961 -903
-899 -188 -324 2351 603 1384 557 -565 1015 1617 -69 983 -422 -698 171 -558 -1950 -1207 1169 1062 -3195 -1855 -295 -3012 -12
-1175 -97 207 -699 -484 820 -171 5 -691 3605 -298 -1105 -165 3329 -530 -1821 -457 1060 -199 1742 1101 1054 -2732 222 396
257 -1624 1757 175 -497 399 2372 -379 -1908 1499 2274 979 1111 -1291 -1092 1182 549 311 -1518 170 -1323 -431 -3241 619 919
888 -1495 -1433 -1144 180 -2031 1010 -432 657 -1495 -440 -2399 -679 147 -1498 290 -988 -2174 -824 -2457 -1287 2503 1989 541 -169
1654 -1284 32 -1379 -764 22 218 151 109 669 -266 -669 -446 97 2016 -486 2148 -71 818 816 2068 947 -473 -171 337
776 3609 -171 -33 -364 -2136 638 -1989 -821 -228 739 2033 1011 -1140 -1031 -113 -122 -459 338 -1207 1793 -420 -1715 -851 867
329 -865 3795 -945 -1222 -20 174 -1221 184 -610 1007 -148 -627 -470 -422 -646 375 -159 -1033 -1985 -858 -1950 455 -694 989
765 874 -809 3963 -1242 211 25 102 277 -1612 -84 319 1212 542 -743 1175 512 -346 -709 64 -1162 1588 -355 1274 579
963 1247 -435 1708 2349 505 498 -372 190 -42 -1538 1185 1278 -3072 -119 -1292 59 -416 -1463 -2075 383 1091 -261 -727 -1119
5 205 -1562 1277 -206 -610 -2827 1535 2005 -1121 -467 -592 242 836 2928 85 1159 -426 -94 -1360 352 -394 2694 1433 275
752 1107 -2156 563 1025 -2490 1102 1698 1210 2503 882 1993 83 -1048 935 -347 -1019 -733 280 -1068 -1682 -563 -513 1961 -906
-897 -190 -319 2351 604 1383 553 -568 1019 1619 -69 981 -422 -694 173 -558 -1956 -1211 1179 1066 -3194 -1855 -301 -3012 -12
-1178 -97 203 -697 -482 815 -170 2 -691 3605 -288 -1103 -164 3330 -526 -1819 -456 1068 -201 1748 1101 1060 -2731 223 401
254 -1627 1757 177 -493 399 2368 -378 -1914 1501 2273 979 1116 -1295 -1090 1178 549 314 -1515 173 -1327 -433 -3233 620 923
888 -1495 -1435 -1140 177 -2030 1010 -428 658 -1497 -446 -2394 -679 149 -1497 294 -985 -2178 -826 -2457 -1284 2506 1989 542 -173
1656 -1284 33 -1380 -766 20 220 153 109 669 -264 -671 -444 99 2014 -486 2149 -69 820 815 2069 946 -474 -171 338
775 3609 -171 -35 -362 -2138 637 -1989 -820 -229 741 2033 1012 -1138 -1031 -113 -122 -458 337 -1208 1791 -421 -1713 -851 868
329 -865 3797 -947 -1221 -19 176 -1220 183 -612 1007 -150 -627 -469 -421 -647 374 -158 -1032 -1983 -860 -1948 457 -693 987
763 876 -809 3963 -1243 211 25 103 276 -1611 -83 318 1213 541 -745 1177 511 -346 -709 62 -1160 1590 -356 1275 581
962 1249 -436 1707 2350 505 500 -371 192 -44 -1540 1183 1279 -3070 -118 -1294 57 -414 -1462 -2073 383 1091 -259 -729 -1119
5 206 -1560 1279 -204 -609 -2827 1534 2004 -1122 -469 -591 240 837 2930 86 1159 -428 -92 -1362 352 -394 2695 1435 273
751 1105 -2155 565 1026 -2491 1101 1698 1209 2502 883 1995 81 -1049 937 -348 -1020 -733 281 -1067 -1680 -565 -513 1960 -906
-895 -192 -317 2353 606 1382 552 -570 1020 1618 -71 979 -423 -695 171 -559 -1957 -1213 1179 1068 -3196 -1855 -301 -3010 -10
-1176 -96 205 -696 -483 817 -171 4 -690 3603 -290 -1101 -166 3328 -528 -1818 -455 1069 -201 1748 1101 1062 -2730 225 402
256 -1625 1755 179 -494 400 2368 -376 -1915 1501 2271 979 1117 -1294 -1090 1179 547 316 -1517 172 -1325 -432 -3235 621 922
890 -1494 -1437 -1139 177 -2030 1008 -426 656 -1499 -444 -2393 -678 151 -1495 294 -985 -2180 -827 -2455 -1285 2507 1987 541 -172
